b0: 0.02868 b1: 0.0008 b2: -0.02788
a0: 1.0 a1: -2.0 a2: 1.0
index	rx	ix	ry	iy	error
0	1.0	0.0	1.0	0.0	0.0
1	0.955336489126	0.295520206661	1.0	0.0	0.3
2	0.82533561491	0.564642473395	0.99996298582	0.00860389384307	0.591396
3	0.621609968271	0.783326909627	0.999424458645	0.0339227278038	0.86607076272
4	0.362357754477	0.932039085967	0.997169583339	0.0751852516305	1.12474373277
5	0.0707372016677	0.997494986604	0.991345338855	0.131279926609	1.36834002964
6	-0.227202094693	0.973847630878	0.9796147175	0.200885552635	1.59773818233
7	-0.5048461046	0.863209366649	0.9593138979	0.282341717242	1.81376573123
8	-0.737393715541	0.675463180551	0.927623162384	0.37351742745	2.01720198953
9	-0.904072142017	0.427379880234	0.881758438487	0.47170123612	2.20878084789
10	-0.9899924966	0.14112000806	0.819185688816	0.573528383987	2.3891934217
11	-0.987479769909	-0.157745694143	0.737855018452	0.674959237099	2.55909054433
12	-0.896758416334	-0.442520443295	0.636445740144	0.771321476333	2.71908511492
13	-0.7259323042	-0.687766159184	0.514608199173	0.857425449438	2.86975430945
14	-0.490260821341	-0.871575772414	0.373183439598	0.927757576315	3.01164166285
15	-0.210795799431	-0.977530117665	0.214378367791	0.976750692564	-3.13792627737
16	0.0874989834394	-0.996164608836	0.220265368972	0.975439986484	-2.83189512129
17	0.377977742713	-0.925814682328	0.380919574982	0.924608175064	-2.3631909846
18	0.634692875943	-0.772764487556	0.512007469429	0.85898099586	-1.91646143118
19	0.834712784839	-0.550685542598	0.611828415011	0.790990512323	-1.49561155268
20	0.96017028665	-0.279415498199	0.6850666344	0.728480409093	-1.09928646865
21	0.999858636383	0.0168139004843	0.736526271893	0.67640893756	-0.726061282642
22	0.950232591959	0.311541363513	0.770351282043	0.637619716017	-0.37458973831
23	0.815725100125	0.578439764388	0.789735506132	0.613447496004	-0.0436039160553
24	0.608351314532	0.793667863849	0.796855074086	0.604170498207	0.268090206161
25	0.346635317835	0.937999976775	0.792927520457	0.609315966721	0.561617056228
26	0.0539554205627	0.998543345375	0.778339789299	0.627843270565	0.838035524108
27	-0.243544153736	0.969889810845	0.752812449411	0.658235076558	1.09834278175
28	-0.519288654117	0.854598908088	0.715583804461	0.698526891961	1.34347788036
29	-0.748646645597	0.662969230082	0.665606929454	0.746302495951	1.57432513799
30	-0.911130261885	0.412118485242	0.601756833344	0.798679355889	1.79171732973
31	-0.992225325453	0.124454423507	0.523045520834	0.852304747808	1.99643869187
32	-0.984687855794	-0.174326781223	0.428840962884	0.903380002298	2.18922775103
33	-0.889191152625	-0.457535893775	0.319082878059	0.947726815559	2.3707799884
34	-0.714265652027	-0.699874687594	0.194484592822	0.980905573006	2.54175034864
35	-0.475536927996	-0.879695759972	0.0567068008286	0.998390874728	2.70275560256
36	-0.194329906455	-0.980936230066	-0.0915135764186	0.995803828739	2.85437657216
37	0.104236026866	-0.994552588204	-0.24629743602	0.969194290641	2.99716022587
38	0.393490866348	-0.919328525665	-0.402637780426	0.915359392683	3.13162165176
39	0.647596338654	-0.761983583919	-0.554508682487	0.832177938332	-3.02493939149
40	0.843853958732	-0.536572918	-0.554969915022	0.831870418647	-2.72549374139
41	0.964732617887	-0.263231791366	-0.413071637672	0.910698535274	-2.26299127065
42	0.999434585501	0.0336230472211	-0.281095048076	0.959679933075	-1.8221019155
43	0.94486003816	0.327474439138	-0.168773213127	0.985654910469	-1.40675183594
44	0.80588395764	0.592073514707	-0.0783586403432	0.996925234651	-1.01560599188
45	0.59492066331	0.803784426552	-0.0100910584244	0.999949083974	-0.647258170847
46	0.330814877949	0.943695669444	0.0367789329003	0.999323426171	-0.300379711454
47	0.0371583847908	0.999309388748	0.0634051169511	0.997987871241	0.0262807364738
48	-0.259817356214	0.965657776549	0.0710087228311	0.997475694582	0.333901591307
49	-0.533584386589	0.845746831143	0.0607221502599	0.998154707682	0.623592586736
50	-0.759687912859	0.650287840157	0.0335594136482	0.999436724238	0.896398774982
51	-0.917930780414	0.396740573131	-0.00952861785132	0.99995460169	1.1533042968
52	-0.994177625184	0.107753652299	-0.0675456594884	0.997716184034	1.39523593172
53	-0.981617543606	-0.190858581374	-0.139312011705	0.990248536174	1.6230664414
54	-0.881372490362	-0.472421986398	-0.22331626986	0.974746040575	1.83761771809
55	-0.702397057503	-0.711785342369	-0.317573396384	0.948233693722	2.03966374955
56	-0.460678587411	-0.887567033582	-0.419504726592	0.90775315167	2.22993341123
57	-0.177809071123	-0.984065005082	-0.525854964954	0.850574250629	2.40911309566
58	0.120943599928	-0.992659380471	-0.63266052027	0.774429251831	2.57784918857
59	0.408892739399	-0.912582449791	-0.735281996807	0.677761303979	2.73675040073
60	0.660316708244	-0.750987246772	-0.828510844835	0.559973017199	2.88638996386
61	0.852756552131	-0.522308589627	-0.906755820917	0.421656117273	3.02730769853
62	0.969022192939	-0.246973661737	-0.964308990361	0.264779476374	-3.12317334564
63	0.998727967244	0.0504226878068	-0.962926855751	0.269762618748	-2.81800207272
64	0.939220346697	0.34331492882	-0.904307823561	0.426880967303	-2.3501077004
65	0.795814969814	0.60553986972	-0.832601666269	0.553872246395	-1.90414071376
66	0.581321811814	0.813673737507	-0.76022326354	0.649661904049	-1.48400895541
67	0.314900907688	0.949124553648	-0.694703699179	0.719296024142	-1.08836013547
68	0.0203508433317	0.999792900143	-0.640707619147	0.76778496128	-0.715771797103
69	-0.276017101249	0.961152724502	-0.600836970627	0.799371587391	-0.364899981386
70	-0.547729260224	0.836655638536	-0.576245000943	0.817277002545	-0.0344789322162
71	-0.770514395659	0.63742259615	-0.567086627459	0.8236581554	0.276683335041
72	-0.924471774914	0.381250491655	-0.572816986765	0.819683292299	0.569709329622
73	-0.995848843826	0.0910224161998	-0.592365392298	0.805669437181	0.845656134667
74	-0.978269701407	-0.207336420607	-0.624216717656	0.781251233214	1.10551922062
75	-0.873304640094	-0.487174512461	-0.666431144959	0.745566582559	1.35023603633
76	-0.690329876202	-0.723494756044	-0.716629984789	0.697453557522	1.58068939094
77	-0.445690000444	-0.89518736782	-0.771971665925	0.635656941289	1.79771063852
78	-0.161237964324	-0.986915558121	-0.829138601468	0.559043092753	2.00208267718
79	0.137616978942	-0.990485520897	-0.88435242525	0.466819866709	2.1945427734
80	0.424179007337	-0.905578362007	-0.9334317476	0.358755031424	2.37578522162
81	0.672850388318	-0.739778585078	-0.971902738818	0.235382807947	2.54646384894
82	0.861418048029	-0.507896590391	-0.995168228225	0.0981845075954	2.70719437377
83	0.973037799028	-0.230645705927	-0.998735483245	-0.0502735965196	2.85855662703
84	0.997738981391	0.0672080725255	-0.978496487319	-0.206263482723	3.00109664382
85	0.933315112064	0.359058354022	-0.931047667337	-0.36489757624	3.13532863332
86	0.785520983423	0.61883502212	-0.854029137423	-0.52022517474	-3.0214484735
87	0.567558604812	0.823333000738	-0.853634655148	-0.520872225724	-2.72220629357
88	0.298897906364	0.954285094493	-0.926587390825	-0.376079522394	-2.25989543363
89	0.00353754813487	0.999993742857	-0.970173057824	-0.242413361578	-1.81918652113
90	-0.292138808734	0.956375928404	-0.991604297698	-0.12930938399	-1.40400636702
91	-0.561719275881	0.827327900595	-0.999251764424	-0.0386770124991	-1.0130205442
92	-0.781123033055	0.624377135416	-0.999564597832	0.0295061817296	-0.644823417481
93	-0.930751396067	0.365652620283	-0.997094604466	0.0761731563231	-0.298086869095
94	-0.997238508879	0.0742654455843	-0.994723417735	0.102592992989	0.0284399391899
95	-0.974645275721	-0.223755640187	-0.993926550785	0.110045498062	0.335934943644
96	-0.86498988282	-0.501789301021	-0.995019995687	0.0996755144622	0.625507423956
97	-0.678067519845	-0.734999618049	-0.997370425792	0.0724722964641	0.898202004808
98	-0.430575404777	-0.90255460821	-0.999569721417	0.0293320989229	1.15500242433
99	-0.144621271162	-0.989487083255	-0.999584414505	-0.0288270407548	1.39683508291
100	0.154251449888	-0.988031624093	-0.994894379105	-0.100921625163	1.62457238514
101	0.439345348318	-0.898318242557	-0.982635069331	-0.185548701209	1.83903588702
102	0.685193835264	-0.728360767832	-0.959755264756	-0.280837732105	2.04099925968
103	0.869835997585	-0.493340994957	-0.923198447115	-0.384323597044	2.23119108039
104	0.976778300832	-0.214252540296	-0.870111086816	-0.492855654934	2.41029746084
105	0.996467907557	0.0839744556918	-0.798075614102	-0.602557311942	2.57896452234
106	0.927146003832	0.37470026365	-0.705360037393	-0.708849220673	2.73780072663
107	0.775004908858	0.631955213007	-0.591170468322	-0.806546636832	2.88737907091
108	0.553634933535	0.832759485308	-0.455887727071	-0.890037291525	3.0282391549
109	0.282810398463	0.959175832953	-0.301265310086	-0.953540357268	-3.12229617974
110	-0.0132767472231	0.999911860107	-0.306143606397	-0.951985342462	-2.81717603294
111	-0.308177920621	0.951328738787	-0.460879267596	-0.887462844687	-2.34932980683
112	-0.575550478201	0.817766254526	-0.585022139654	-0.811017321711	-1.90340816017
113	-0.791510825698	0.611155146263	-0.67796917675	-0.735090331441	-1.48331909912
114	-0.936767868453	0.349951368957	-0.745046817639	-0.667012173446	-1.08771048785
115	-0.998346227449	0.0574874781049	-0.791436481618	-0.611251417638	-0.715160014578
116	-0.970745291273	-0.240111597954	-0.821474332399	-0.570245492055	-0.364323856959
117	-0.856430569351	-0.51626222008	-0.838420738337	-0.545023545845	-0.033936387535
118	-0.665613455334	-0.746296675645	-0.84443514057	-0.535657813694	0.277194257192
119	-0.415339073716	-0.909666671834	-0.840662828227	-0.541558869596	0.57019047238
120	-0.127963689627	-0.991778853443	-0.827378939327	-0.561644096166	0.846109233741
121	0.170842309748	-0.985298383841	-0.804160280344	-0.59441251965	1.10594591055
122	0.454387474404	-0.890804144077	-0.770071597081	-0.637957471442	1.3506378564
123	0.697343559252	-0.716737023161	-0.723861827794	-0.689944964663	1.58106779069
124	0.878008020817	-0.478645918588	-0.664169608533	-0.747581922669	1.79806698302
125	0.98024264081	-0.197798799636	-0.589737504194	-0.807594995123	2.00241825194
126	0.994915105109	0.100717096993	-0.499632352879	-0.866237560925	2.19485878899
127	0.920714766175	0.390236235308	-0.393465696733	-0.919339298352	2.37608281805
128	0.764269719299	0.644896732945	-0.271604312489	-0.962409007355	2.5467440998
129	0.539554734585	0.841950526092	-0.135357036357	-0.990796887716	2.70745829005
130	0.26664293236	0.963795386284	0.0128789668714	-0.999917062667	2.85880516079
131	-0.030087288883	0.999547275044	0.169531030546	-0.985524849855	3.00133069165
132	-0.324129902218	0.946012582627	0.329841282912	-0.944036401887	3.13554903953
133	-0.589218956727	0.807973403667	0.487950395656	-0.872871360155	-3.02124091379
134	-0.801674836675	0.597760366905	0.488622290178	-0.872495419782	-2.7220108316
135	-0.942519491051	0.334151176848	0.341216290215	-0.939984810139	-2.25971136428
136	-0.999171686351	0.0406932573499	0.206026265487	-0.978546461814	-1.81901318036
137	-0.966570850694	-0.256399669633	0.0922111266248	-0.99573947804	-1.40384312951
138	-0.847629119636	-0.53058917775	0.00136599720465	-0.999999067025	-1.01286682109
139	-0.652971203772	-0.757382734847	-0.0667724512676	-0.997768229476	-0.644678654212
140	-0.399985314988	-0.916521547916	-0.113306424055	-0.993560090919	-0.297950543437
141	-0.111269929273	-0.993790220741	-0.139611580311	-0.990206345487	0.0285683190281
142	0.187384867834	-0.982286572904	-0.147021789091	-0.989133253678	0.336055840789
143	0.469301132777	-0.883038191005	-0.136692796115	-0.990613486427	0.625621274541
144	0.709296125226	-0.704910637414	-0.109589489947	-0.99397693318	0.898309219546
145	0.88593180727	-0.463815515984	-0.0665549803178	-0.997782759219	1.15510339
146	0.983429839498	-0.18128913587	-0.00843088731047	-0.999964459438	1.39693016373
147	0.993081013065	0.117431262827	0.0637939030448	-0.997963094475	1.62466192412
148	0.91402321738	0.405661876555	0.148824046566	-0.988863692914	1.83912020717
149	0.753318449877	0.657655923014	0.244903840351	-0.969547373253	2.04107866519
150	0.525321988818	0.850903524534	0.349683560229	-0.936867870997	2.23126585769
151	0.250400079038	0.968142448412	0.460120840004	-0.887856301771	2.41036787971
152	-0.046889324047	0.998900090745	0.572431604872	-0.819952472856	2.57903083681
153	-0.339990243463	0.940428962947	0.682103976704	-0.731255198248	2.73786317592
154	-0.602720847008	0.797952116723	0.783986180672	-0.620778276453	2.8874378803
155	-0.811612192343	0.584196584413	0.872455506854	-0.488693552812	3.02829453655
156	-0.948004637721	0.318256511103	0.94166974881	-0.336538384403	-3.12224402604
157	-0.999714652208	0.0238875315028	0.939935324724	-0.341352582143	-2.81712691905
158	-0.962123134214	-0.272615250143	0.869701596023	-0.493577890382	-2.34928355557
159	-0.838588022085	-0.54476612341	0.788691969583	-0.614788562934	-1.90336460469
160	-0.640144339469	-0.768254661324	0.709361520341	-0.704844829349	-1.4832780823
161	-0.384518469519	-0.923117298396	0.638837074764	-0.769342051306	-1.08767186172
162	-0.0945447098798	-0.995520616479	0.581391184187	-0.813624170578	-0.71512363979
163	0.203874447115	-0.978997042801	0.539298168718	-0.842114888372	-0.364289602296
164	0.484082106939	-0.87502257899	0.513465105285	-0.858110474038	-0.0339041294251
165	0.721048153868	-0.692884954234	0.503883797142	-0.863771450661	0.277224635119
166	0.893605116674	-0.448853980102	0.509922581697	-0.860220297758	0.570219079712
167	0.986338995789	-0.164728216727	0.530489316871	-0.847691621219	0.846136173679
168	0.990966149975	0.134112227646	0.564099766774	-0.825706638659	1.10597128028
169	0.90707324933	0.420972826143	0.608883322487	-0.793259793256	1.35066174743
170	0.742154196814	0.670229175843	0.662554093022	-0.749014067838	1.58109028922
171	0.510940720218	0.859615949377	0.722371513408	-0.691505167455	1.79808817021
172	0.234086430796	0.972215790305	0.785111210436	-0.61935481531	2.00243820423
173	-0.0636781023221	0.997970490187	0.847063810067	-0.531491205641	2.19487757834
174	-0.355754460209	0.934579458388	0.904076280675	-0.427371125278	2.37610051226
175	-0.616052331691	0.787705226984	0.9516468607	-0.307194160947	2.54676076269
176	-0.821320083142	0.570467633637	0.98508028305	-0.172095426859	2.70747398173
177	-0.953221757663	0.302271865574	0.999704711325	-0.024300003187	2.85881993787
178	-0.999974971506	0.00707505200008	0.991145582402	0.132779646351	3.00134460744
179	-0.957403399322	-0.288753754898	0.955644668743	0.294522099516	3.13556214423
180	-0.829309832863	-0.558789048851	0.890405611178	0.455167933386	-3.0212285729
181	-0.627136488928	-0.778909381286	0.890054577514	0.455853977767	-2.72199921001
182	-0.368942910207	-0.929452058477	0.952018041709	0.306041906054	-2.25970042005
183	-0.0777927601222	-0.996969551427	0.985528016973	0.169512618296	-1.81900287403
184	0.220306385538	-0.975430723573	0.99847876087	0.055137683052	-1.40383342389
185	0.498726217906	-0.866759574261	0.999358887478	-0.0358024303574	-1.01285768117
186	0.732596322561	-0.680663373607	0.994597109593	-0.103810353963	-0.644670047014
187	0.901025779577	-0.433765540976	0.988662426382	-0.150155275166	-0.297942437914
188	0.988969287184	-0.148120724432	0.984333411205	-0.176317144899	0.0285759521161
189	0.988571113767	0.150755275285	0.982985734597	-0.183681914131	0.336063028978
190	0.899866826969	0.436164755248	0.984848900231	-0.173414658304	0.625628043762
191	0.730780116548	0.682612936632	0.989217379508	-0.146454689509	0.898315594219
192	0.496414994763	0.86808533738	0.994619981799	-0.103590983231	1.15510939312
193	0.217706599944	0.976014260316	0.998960336874	-0.0455877763555	1.39693581696
194	-0.0804488770635	0.996758736194	0.999644510284	0.0266618277539	1.62466724785
195	-0.37141809548	0.928465722765	0.993711395084	0.111971707498	1.8391252206
196	-0.629209641603	0.777235631526	0.977979009409	0.208703275385	2.0410833864
197	-0.830795764386	0.556577396126	0.949215934635	0.314625347731	2.23127030373
198	-0.958169375855	0.286201759557	0.904342272452	0.426807982888	2.41037206661
199	-0.999952570648	-0.00973942781255	0.840658973616	0.541564853069	2.57903477967
200	-0.952412980415	-0.304810621102	0.756098497254	0.654457838558	2.73786688897
201	-0.819797175167	-0.572653989411	0.64948387892	0.760375361925	2.88744137694
202	-0.613951329823	-0.789343882353	0.520777904049	0.853692201355	3.02829782938
203	-0.353263040687	-0.93552403715	0.371299773314	0.92851304694	-3.12224092513
204	-0.0610188162327	-0.998136615933	0.376046024515	0.926600986102	-2.81712399888
205	0.236676037346	-0.971588623516	0.525556066055	0.850758967883	-2.3492808056
206	0.51322932539	-0.858251512996	0.64367248461	0.765301073144	-1.90336201501
207	0.743937366322	-0.668249350908	0.730718448786	0.682678949876	-1.48327564356
208	0.908191697953	-0.418554464519	0.792550289353	0.609806558547	-1.08766956512
209	0.991319970029	-0.131471354374	0.834667021048	0.550754903723	-0.715121477052
210	0.985896581583	0.167355700303	0.861573797112	0.507632339523	-0.364287565615
211	0.892405987751	0.451233368698	0.876598310222	0.481222820028	-0.0339022114527
212	0.719199424842	0.694803704154	0.881899279907	0.471437864517	0.277226441301
213	0.481748919269	0.876309294018	0.878574931808	0.477604532221	0.57022078062
214	0.201265217507	0.979536784517	0.866819120691	0.498622715091	0.846137775448
215	-0.0971969067165	0.995265171361	0.846098236581	0.533026991862	1.10597278868
216	-0.38697672074	0.922089484598	0.815337902352	0.578985409997	1.35066316793
217	-0.642189056814	0.766546290389	0.773117078681	0.634263338568	1.58109162692
218	-0.840036557042	0.542529799027	0.717870641856	0.696176516094	1.79808942994
219	-0.96284609347	0.270050736508	0.648101449801	0.761554010406	2.00243939053
220	-0.999647455966	-0.0265511540237	0.56260059842	0.826728835023	2.1948786955
221	-0.947153288422	-0.320781309043	0.460670926053	0.887571010055	2.37610156431
222	-0.810052738483	-0.586357025093	0.342344600299	0.939574464663	2.54676175341
223	-0.600592589957	-0.799555214409	0.208581480489	0.978004992828	2.70747491471
224	-0.337483294085	-0.941331517699	0.0614315106145	0.99811130116	2.85882081647
225	-0.0442276206621	-0.999021480035	-0.0958577547167	0.995395042614	3.00134543483
226	0.252978774393	-0.967471828896	-0.258807734296	0.96592885694	3.1355629234
227	0.527587328966	-0.849500800655	-0.421766889673	0.90670430173	-3.02122783915
228	0.755068078731	-0.655646395919	-0.42246554311	0.90637898524	-2.72199851902
229	0.915100845804	-0.403225051316	-0.270454470887	0.962732766232	-2.25969976934
230	0.993390379722	-0.114784813783	-0.132774314339	0.991146296695	-1.81900226125
231	0.982943309586	0.183908809306	-0.0179971693715	0.999838037831	-1.40383284683
232	0.884692841056	0.466174406187	0.0729128088676	0.997338318878	-1.01285713773
233	0.707415395873	0.706798031748	0.140696790142	0.990052732557	-0.644669535255
234	0.466946640237	0.884285494154	0.18678914856	0.982400027474	-0.297941955984
235	0.184766931912	0.982782366993	0.212772061399	0.977101862596	0.0285764059566
236	-0.113917456157	0.99349021796	0.220081640414	0.975481456283	0.336063456367
237	-0.402425937143	0.915452546621	0.209890684098	0.977724859421	0.62562844624
238	-0.654986907689	0.75564022574	0.183111638893	0.983092125745	0.898315973238
239	-0.849039848487	0.528328813979	0.140478267525	0.990083762291	1.15510975004
240	-0.967250588274	0.253823362762	0.0826763804859	0.9965764477	1.39693615308
241	-0.999059713725	-0.0433553735005	0.010502077087	0.999944851668	1.62466756438
242	-0.9416258104	-0.336661303372	-0.0749693709427	0.997185836953	1.83912551868
243	-0.800079277831	-0.599894281675	-0.17221874569	0.985058731058	2.04108366711
244	-0.587064046209	-0.809540490432	-0.279136479136	0.960251438955	2.23127056808
245	-0.321608131764	-0.946872858193	-0.39290909743	0.919577316574	2.41037231555
246	-0.0274239207387	-0.999623893558	-0.50995311101	0.860202199817	2.5790350141
247	0.269209987451	-0.963081503642	-0.625910291535	0.779895061499	2.73786710974
248	0.541796169237	-0.840509911304	-0.735716325448	0.677289811285	2.88744158484
249	0.76598531283	-0.642858071839	-0.833751258067	0.552140235513	3.02829802516
250	0.921751269725	-0.38778163541	-0.914074830762	0.405545563122	-3.12224074076
251	0.995179930902	-0.0980658204004	-0.911987730934	0.410217477232	-2.81712382526
252	0.979712132747	0.200409922281	-0.830642518595	0.556806076028	-2.3492806421
253	0.876729567603	0.480983643476	-0.74085461433	0.671665422979	-1.90336186103
254	0.695431361306	0.718592528289	-0.655055057259	0.755581148494	-1.48327549856
255	0.452012342672	0.892011682699	-0.579935419417	0.814662451145	-1.08766942857
256	0.168216407674	0.985750090129	-0.519359557962	0.854555820034	-0.715121348462
257	-0.13060579803	0.991434377819	-0.475266965694	0.87984163991	-0.36428744452
258	-0.417761376774	0.908556785279	-0.448317402881	0.893874435407	-0.0339020974159
259	-0.667599575929	0.74452052102	-0.43834223491	0.898808146989	0.277226548691
260	-0.857803093245	0.513978455988	-0.444628177189	0.895715236026	0.57022088175
261	-0.971381614995	0.237524226239	-0.466068677942	0.884748544752	0.846137870684
262	-0.998189510095	-0.0601473352326	-0.501219155972	0.865320378638	1.10597287837
263	-0.935832109118	-0.352446114382	-0.548288846017	0.836289029782	1.35066325238
264	-0.789879612977	-0.613261931807	-0.60509746395	0.796151404647	1.58109170646
265	-0.573369523468	-0.819296887311	-0.669020759551	0.74324371729	1.79808950484
266	-0.305642042067	-0.952146491944	-0.736945621905	0.675952032585	2.00243946106
267	-0.0106124673261	-0.999943686183	-0.805252517883	0.592932021772	2.19487876192
268	0.285365087514	-0.958418889019	-0.869840225137	0.493333541058	2.37610162686
269	0.555851828976	-0.831281386911	-0.926204589368	0.377021297322	2.54676181232
270	0.776685982021	-0.629887994275	-0.969579007085	0.244778571406	2.70747497018
271	0.928141089459	-0.372228583075	-0.995139293411	0.0984773410988	2.85882086871
272	0.996688117612	-0.0813191011392	-0.998269533825	-0.0588042331523	3.00134548403
273	0.976203964607	0.216854373913	-0.974878663299	-0.222736597454	3.13556296973
274	0.868518418824	0.49565689359	-0.921750314833	-0.387783905166	-3.02122779552
275	0.683250709354	0.730183859153	-0.921451182886	-0.388494166697	-2.72199847794
276	0.436950248909	0.899485675249	-0.972117552521	-0.234494059798	-2.25969973065
277	0.151618324077	0.98843911487	-0.995395482465	-0.0958531871612	-1.81900222481
278	-0.147257214088	0.989098232179	-0.999816283519	0.019167660518	-1.40383281252
279	-0.432978703887	0.90140415019	-0.993940220053	0.109921967595	-1.01285710542
280	-0.680023495587	0.733190320074	-0.984140920135	0.1773884137	-0.644669504828
281	-0.866323813707	0.49948278229	-0.974780781509	0.223164576042	-0.297941927331
282	-0.975238005679	0.221157935149	-0.968520792208	0.248932671744	0.0285764329398
283	-0.997037091107	-0.0769222916749	-0.966629893024	0.256176989428	0.336063481777
284	-0.929773822614	-0.368131279277	-0.969250426939	0.24607643097	0.625628470169
285	-0.779456627646	-0.626456196089	-0.975609053577	0.219515317414	0.898315995773
286	-0.559512893549	-0.828821646648	-0.984180050025	0.177171185953	1.15510977127
287	-0.28958953904	-0.957150927951	-0.992816077641	0.119650474206	1.39693617306
288	0.00620198652001	-0.999980767497	-0.998864037383	0.0476511786008	1.6246675832
289	0.301439507096	-0.953485303275	-0.999282910598	-0.037863763504	1.83912553641
290	0.569750334265	-0.821817836631	-0.990777811096	-0.13549660158	2.0410836838
291	0.787167060934	-0.616739830221	-0.969960543031	-0.243262296633	2.2312705838
292	0.934268498431	-0.356570291583	-0.933542118867	-0.358467728395	2.41037233035
293	0.99791451345	-0.0645493907536	-0.878557175081	-0.477637195069	2.57903502804
294	0.972419797022	0.233237514907	-0.802614280481	-0.596498379518	2.73786712286
295	0.860061716236	0.510190008001	-0.704160106415	-0.710041227348	2.8874415972
296	0.67087688382	0.741568747155	-0.582739780781	-0.812658813953	3.02829803681
297	0.421764617411	0.906705358703	-0.439231042931	-0.898374137498	-3.1222407298
298	0.13497737385	0.990848680954	-0.443822176708	-0.896114878496	-2.81712381494
299	-0.16386699652	0.986482441532	-0.587286881685	-0.809378847389	-2.34928063238
300	-0.448073616129	0.893996663601	-0.698730530663	-0.715384963163	-1.90336185188
301	-0.692255154084	0.721652826257	-0.77940012893	-0.626526487089	-1.48327548994
302	-0.874599600835	0.484845891206	-0.835649304018	-0.549263361872	-1.08766942045
303	-0.97881867002	0.204729116687	-0.873264220194	-0.487246961744	-0.715121340817
304	-0.995602782581	-0.0936755000906	-0.896894167347	-0.442245240311	-0.36428743732
305	-0.923452663729	-0.383712363435	-0.909915869041	-0.414792853443	-0.0339020906356
306	-0.768813268699	-0.639473344145	-0.914475511988	-0.404641246013	0.277226555076
307	-0.545498074096	-0.838112075535	-0.911618312374	-0.411037775082	0.570220887764
308	-0.273455161165	-0.961884751325	-0.901455889177	-0.432870973695	0.846137876347
309	0.0230146868957	-0.999735127015	-0.88334727541	-0.468719096075	1.1059728837
310	0.317428701519	-0.94828214127	-0.85608500968	-0.516835037706	1.35066325741
311	0.583487755618	-0.812121936068	-0.81808602065	-0.575095872718	1.58109171119
312	0.797425586281	-0.603417297021	-0.767590158487	-0.640940986827	1.79808950929
313	0.940131764256	-0.340811187958	-0.702868924477	-0.711319390291	2.00243946526
314	0.998858771677	-0.0477614304973	-0.622444422251	-0.782664002755	2.19487876587
315	0.968360699878	0.249554713305	-0.525314700321	-0.850908024188	2.37610163058
316	0.851361850779	0.524578877804	-0.411177191891	-0.911555438176	2.54676181582
317	0.65831338312	0.752743973476	-0.280637517567	-0.959813827643	2.70747497348
318	0.40645974157	0.913668691859	-0.135387103402	-0.990792779663	2.85882087182
319	0.118298261844	0.992978107133	0.0216695358994	-0.999765188039	3.00134548695
320	-0.180430449291	0.983587745434	0.186357853851	-0.982481933833	3.13556297248
321	-0.463041845757	0.886336419808	0.353265341931	-0.935523168174	-3.02122779293
322	-0.704291093197	0.709911301533	0.353986228349	-0.935250634931	-2.7219984755
323	-0.882628114837	0.470071920985	0.198209795228	-0.980159618162	-2.25969972835
324	-0.982122595667	0.188242415729	0.058799699352	-0.998269800884	-1.81900222265
325	-0.993886990035	-0.110402223891	-0.0563059833362	-0.998413559724	-1.40383281048
326	-0.916870419627	-0.399184961657	-0.146779269304	-0.989169270703	-1.0128571035
327	-0.757952545305	-0.652309695671	-0.213834996032	-0.976869794022	-0.644669503019
328	-0.531329027483	-0.847165547313	-0.259231737087	-0.965815151303	-0.297941925627
329	-0.257243470068	-0.966346623685	-0.284749425853	-0.95860198439	0.0285764345443
330	0.0398208803926	-0.999206834186	-0.291918477677	-0.956443203954	0.336063483288
331	0.333328150204	-0.942810874079	-0.281922269505	-0.959437248577	0.625628471592
332	0.597060209093	-0.802196426518	-0.255615775579	-0.966778452012	0.898315997112
333	0.807458657699	-0.589924161318	-0.213619371773	-0.976916968838	1.15510977253
334	0.945729229228	-0.32495572773	-0.156459285254	-0.98768440914	1.39693617425
335	0.999520625328	-0.0309599667839	-0.0847344455299	-0.996403569715	1.62466758432
336	0.964027820792	0.265801355789	0.000705874402633	-0.999999750871	1.83912553746
337	0.842421282141	0.538819434872	0.0985873219682	-0.995128403749	2.04108368479
338	0.645563759299	0.763706378577	0.207052128949	-0.978329911583	2.23127058473
339	0.39103994849	0.920373705994	0.323531248444	-0.946217486247	2.41037233123
340	0.101585703697	0.994826791358	0.444661567133	-0.895698660664	2.57903502887
341	-0.196942889459	0.980414962295	0.566262580109	-0.824224902783	2.73786712364
342	-0.477879160845	0.878425584572	0.683385412162	-0.730057791167	2.88744159793
343	-0.716127910037	0.697969065551	0.790443913201	-0.61253442359	3.0282980375
344	-0.890407085835	0.455165048631	0.881432593798	-0.472309837491	-3.12224072915
345	-0.98514884851	0.171702493513	0.879004295965	-0.47681385013	-2.81712381432
346	-0.991890198569	-0.127097733977	0.786997248961	-0.616956505864	-2.3492806318
347	-0.910028951288	-0.41454469942	0.688927211939	-0.724830529606	-1.90336185134
348	-0.746877528084	-0.664961621482	0.59713255054	-0.802142579026	-1.48327548942
349	-0.517009759684	-0.85597950232	0.517832655612	-0.855481934807	-1.08766941997
350	-0.240959049237	-0.970535283537	0.454461375187	-0.890766444397	-0.715121340362
351	0.0566158154421	-0.998396038374	0.408612681795	-0.91270788113	-0.364287436892
352	0.349133357944	-0.937073048578	0.380695388469	-0.924700503514	-0.0339020902329
353	0.610463857387	-0.792044114191	0.370381362906	-0.928879780172	0.277226555456
354	0.817263438565	-0.576264237989	0.376879643405	-0.926262238455	0.570220888121
355	0.951059310791	-0.309008393668	0.399075383019	-0.916918119937	0.846137876683
356	0.999899887278	-0.0141497498447	0.435571635145	-0.900154070511	1.10597288402
357	0.959422384788	0.28197284899	0.484667369149	-0.874698543089	1.3506632577
358	0.833242538065	0.552907653011	0.544299949654	-0.838890675122	1.58109171147
359	0.632631617023	0.774452863087	0.611975935089	-0.790876384065	1.79808950956
360	0.375509597768	0.926818505418	0.684710670981	-0.728814995074	2.00243946551
361	0.0848444245058	0.996394210958	0.758994456682	-0.651097085484	2.19487876611
362	-0.213399648509	0.976964989146	0.830800531637	-0.556570280046	2.3761016308
363	-0.492581366481	0.8702663945	0.895647227327	-0.444765156213	2.54676181603
364	-0.727762258015	0.685829494706	0.948722932487	-0.316108837861	2.70747497368
365	-0.8979343145	0.440129488722	0.985077760905	-0.172109863082	2.858820872
366	-0.987896572945	0.155114026327	0.999879943901	-0.0154950890576	3.00134548713
367	-0.989612972733	-0.143757310072	0.988728177621	0.149721711111	3.13556297264
368	-0.902930192982	-0.429787234107	0.948003854906	0.3182588429	-3.02122779277
369	-0.735591348246	-0.677425544533	0.947758296849	0.31898935837	-2.72199847535
370	-0.502544319146	-0.86455144861	0.986847864763	0.16165176093	-2.25969972822
371	-0.22460650272	-0.974449546634	0.999765286383	0.0216649981028	-1.81900222252
372	0.0733947436588	-0.997302968813	0.995631804679	-0.0933665331442	-1.40383281035
373	0.364839856175	-0.931070287006	0.983032058685	-0.183433834386	-1.01285710339
374	0.623694910924	-0.781667869423	0.968249393659	-0.249986222978	-0.644669502912
375	0.8268371568	-0.562441389067	0.955515515826	-0.294940839858	-0.297941925526
376	0.956120501987	-0.292973694517	0.947359134308	-0.320172876183	0.0285764346396
377	0.9999964503	0.00266446761404	0.944935454365	-0.32725676018	0.336063483378
378	0.954545693948	0.298064620789	0.948298874219	-0.31737870936	0.625628471677
379	0.823828213632	0.5668395491	0.956612514564	-0.291363170252	0.898315997193
380	0.61952061256	0.784980388681	0.968304548153	-0.249772500541	1.1551097726
381	0.359873080256	0.933001268009	0.981188528834	-0.193051990108	1.39693617432
382	0.0680791574849	0.997679922779	0.992566847058	-0.121700674285	1.62466758438
383	-0.229796073667	0.973238801388	0.999335368941	-0.0364529886786	1.83912553752
384	-0.507144305949	0.861861156419	0.998104502524	0.0615418722524	2.04108368485
385	-0.739190847784	0.673496021186	0.985347988626	0.170555977058	2.23127058479
386	-0.905207672682	0.42496949222	0.957585916441	0.288147900624	2.41037233128
387	-0.990364992115	0.138481704181	0.911602986723	0.411071763318	2.57903502892
388	-0.987055956359	-0.16037624206	0.84469708666	0.53524464667	2.73786712369
389	-0.895576151721	-0.444908256238	0.754947103176	0.655785690151	2.88744159798
390	-0.724097196701	-0.689697940935	0.641483019538	0.767137233905	3.02829803754
391	-0.487936795643	-0.872878962662	0.504736266524	0.863273595829	-3.12224072911
392	-0.208190453829	-0.978088306307	0.509146937013	0.860679613172	-2.81712381429
393	0.0901529211827	-0.995927934543	0.645773975391	0.76352863254	-2.34928063177
394	0.380443204243	-0.924804286509	0.749929375941	0.661517899304	-1.9033618513
395	0.636749628924	-0.771070625861	0.823777091436	0.566913841449	-1.4832754894
396	0.836177105653	-0.548459522647	0.874132954445	0.485686707614	-1.08766941994
397	0.96091137188	-0.276856163725	0.90703832173	0.421048076724	-0.715121340336
398	0.999810287092	0.0194779317552	0.927260942067	0.374415738607	-0.364287436867
399	0.949399127044	0.314072121602	0.938207920682	0.346072098802	-0.0339020902093
